20
# Vague 1
5 0 1.0
# Vague 2
10 0 0.8
# Vague 3
5 0 0.5
2 1 1.0
5 0 0.5
# Vague 4
3 0 0.5
3 1 0.5
2 3 1.5
# Vague 5
5 0 0.5
2 3 1.0
1 2 2.0
# Vague 6
10 0 0.4
4 3 0.8
# Vague 7
5 1 0.6
5 0 0.4
2 4 1.5
3 3 0.6
# Vague 8
10 1 0.5
5 3 0.5
# Vague 9
15 0 0.3
5 1 0.5
5 3 0.5
# Vague 10
5 0 0.2
2 3 0.5
1 2 1.0
2 3 0.5
1 2 1.0
# Vague 11
20 0 0.2
10 3 0.4
# Vague 12
10 1 0.4
5 3 0.5
10 4 1.0
# Vague 13
1 2 1.0
3 4 0.8
1 2 1.0
3 4 0.8
1 2 1.0
# Vague 14
15 0 0.2
10 1 0.3
10 3 0.4
10 4 0.5
# Vague 15
2 2 0.5
10 3 0.3
2 2 0.5
15 4 0.3
# Vague 16
15 3 0.2
10 1 0.4
# Vague 17
20 4 0.6
20 0 0.2
# Vague 18
1 2 1.0
5 3 0.4
1 2 1.0
5 4 0.6
1 2 1.0
# Vague 19
30 0 0.1
20 3 0.2
15 1 0.3
# Vague 20
5 4 0.5
2 2 0.8
15 3 0.3
15 4 0.4
3 2 0.5